AP =

  50×3 table

            CombMNZ      CombMAX      CombSUM 
           _________    _________    _________

    351      0.42182      0.41482      0.42236
    352     0.038638     0.043872     0.038637
    353       0.2235      0.16493      0.22377
    354      0.07851     0.087155     0.078496
    355     0.086124      0.10336     0.086233
    356     0.010594     0.011186     0.010594
    357      0.27991      0.27035      0.27991
    358      0.23751      0.21482      0.23776
    359     0.023726     0.027008     0.023729
    360      0.25094      0.21062      0.25034
    361      0.30811      0.31269      0.30811
    362     0.075491     0.052934     0.075488
    363     0.047316     0.039032     0.047187
    364       0.4773      0.47671       0.4773
    365      0.71421       0.8131      0.71626
    366      0.41607      0.43517      0.42312
    367     0.077495     0.077531     0.077495
    368       0.4521      0.50677      0.45211
    369      0.27108      0.27753      0.27108
    370      0.10307      0.10216      0.10324
    371    0.0021616    0.0020314     0.002145
    372      0.14269     0.074701      0.14225
    373      0.37174      0.34471      0.37174
    374        0.258      0.25078      0.25798
    375      0.18867      0.22586      0.18991
    376     0.013265     0.011219     0.013267
    377      0.29129      0.26296       0.2914
    378    0.0057959     0.004285    0.0057962
    379     0.070444     0.070275     0.070444
    380      0.17362      0.10718      0.17408
    381     0.030919     0.029569     0.030918
    382      0.52289      0.40661      0.52289
    383     0.027711     0.027377     0.027692
    384      0.19319      0.19392      0.19319
    385      0.27472      0.25722       0.2747
    386     0.032815     0.034343     0.032908
    387        0.121      0.11953        0.121
    388     0.021451     0.015132     0.021344
    389     0.035591     0.038209     0.035591
    390     0.098999     0.094625     0.097073
    391     0.093456     0.085492     0.093432
    392      0.45381      0.45456      0.45381
    393     0.065068     0.062046     0.065077
    394    0.0057477     0.003932    0.0057477
    395      0.11087      0.11214      0.11087
    396      0.29961       0.3315      0.29961
    397      0.40735      0.41267      0.40769
    398     0.015403     0.014324      0.01542
    399     0.050219      0.10715     0.057452
    400      0.38174      0.36076      0.38172