

prec =

  50×13 table

           matters_BB2c10    matters_BM25b075    matters_DFR_BM25c10     DLH13      matters_IFB2c10    matters_InL2c10    matters_In_expC2c10    matters_LGDc10    matters_PL2c10     TF_IDF     CombMNZ     CombMAX     CombSUM 
           ______________    ________________    ___________________    ________    _______________    _______________    ___________________    ______________    ______________    ________    ________    ________    ________

    351     0.47917           0.41667             0.41667                0.39583     0.47917            0.41667            0.45833                0.45833             0.375           0.41667     0.41667     0.41667     0.41667
    352    0.085366          0.089431            0.089431               0.089431    0.085366           0.089431           0.085366               0.085366          0.077236          0.085366    0.089431    0.081301    0.089431
    353     0.47541           0.45902             0.46721                0.34426     0.47541            0.46721            0.47541                0.45082           0.30328           0.45902     0.46721     0.31148     0.46721
    354     0.13296           0.18837              0.1856                0.16343     0.16343             0.1662            0.18837               0.069252           0.19945           0.18837     0.19945     0.19668     0.19945
    355     0.15556           0.13333             0.13333                0.13333     0.15556            0.15556            0.15556                0.22222           0.13333           0.13333     0.15556         0.2     0.15556
    356           0                 0                   0                      0           0                  0                  0               0.058824                 0                 0           0           0           0
    357     0.37407           0.33704             0.33704                0.31852     0.36667            0.33704            0.35185                0.35185           0.29259           0.33704     0.33333     0.33704     0.33333
    358     0.31373           0.29412             0.29412                 0.2549     0.31373            0.27451             0.2549                0.23529            0.2549           0.29412     0.29412     0.23529     0.29412
    359    0.035714          0.035714            0.035714               0.071429    0.035714           0.035714           0.035714               0.035714          0.035714          0.035714    0.035714    0.035714    0.035714
    360     0.33775           0.35762             0.34437                0.33775     0.35762            0.28477            0.40397                0.25166           0.39073           0.34437     0.37086      0.2649     0.37086
    361     0.44444           0.44444             0.44444                0.44444     0.44444            0.44444            0.44444                0.33333           0.44444           0.44444     0.44444     0.33333     0.44444
    362     0.23077           0.23077             0.23077                0.20513     0.23077            0.23077            0.20513                0.15385           0.15385           0.23077     0.23077     0.10256     0.23077
    363       0.125             0.125               0.125                  0.125       0.125              0.125              0.125                 0.0625            0.0625             0.125       0.125      0.0625       0.125
    364     0.45714           0.45714             0.45714                0.48571     0.45714            0.45714            0.45714                0.45714           0.45714           0.45714     0.45714     0.45714     0.45714
    365     0.68571           0.65714             0.65714                0.68571     0.68571            0.68571            0.65714                0.68571               0.6           0.65714     0.68571     0.68571     0.68571
    366     0.49495           0.47475             0.47475                0.38384     0.49495            0.46465            0.49495                0.50505           0.36364           0.45455     0.45455     0.48485     0.45455
    367     0.16402           0.16402             0.16402                0.13228     0.16402            0.16402            0.16402                0.16402           0.16402           0.16402     0.15873     0.16402     0.15873
    368     0.42623           0.42623             0.42623                 0.5082     0.42623            0.44262            0.40984                0.57377           0.40984           0.42623     0.44262     0.52459     0.44262
    369     0.23077           0.23077             0.23077                0.23077     0.23077            0.23077            0.23077                0.23077           0.23077           0.23077     0.23077     0.23077     0.23077
    370     0.21429           0.24702                0.25                0.23512     0.23214            0.24107            0.24405                 0.2381           0.25893              0.25     0.24405      0.2381     0.24405
    371           0                 0                   0                      0           0                  0                  0                      0                 0                 0           0           0           0
    372     0.20408           0.18367             0.18367                0.10204     0.20408            0.18367            0.18367                0.14286          0.081633           0.16327     0.20408    0.081633     0.20408
    373     0.48485           0.48485             0.48485                0.45455     0.48485            0.48485            0.45455                0.39394           0.39394           0.48485     0.48485     0.42424     0.48485
    374     0.36765           0.37255             0.37255                0.35784     0.36765            0.36765            0.37745                0.29412           0.35784           0.37255     0.36765     0.30392     0.36765
    375        0.25             0.275               0.275                  0.325        0.25                0.3              0.225                   0.35            0.2625             0.275         0.3      0.3375         0.3
    376    0.039216          0.039216            0.039216               0.019608    0.039216           0.039216           0.039216                0.04902           0.04902           0.04902    0.039216    0.039216    0.039216
    377     0.30769           0.28205             0.28205                0.35897     0.30769            0.28205            0.28205                0.30769           0.28205           0.28205     0.30769     0.30769     0.30769
    378    0.030612          0.030612            0.040816               0.040816    0.030612           0.030612                  0               0.030612                 0          0.040816    0.030612           0    0.030612
    379      0.0625            0.0625              0.0625                 0.0625      0.0625             0.0625             0.0625                 0.0625            0.0625            0.0625      0.0625      0.0625      0.0625
    380     0.14286           0.28571             0.28571                0.14286     0.14286            0.28571            0.28571                0.14286           0.28571           0.28571     0.14286     0.14286     0.14286
    381    0.071429          0.071429            0.071429               0.071429    0.071429           0.071429           0.071429               0.071429          0.071429          0.071429    0.071429    0.071429    0.071429
    382     0.54545           0.54545             0.54545                    0.5     0.54545            0.54545            0.45455                0.54545           0.45455           0.54545     0.54545     0.54545     0.54545
    383     0.13014          0.075342            0.075342               0.082192     0.13014           0.075342            0.12329               0.089041          0.068493          0.082192    0.082192    0.082192    0.082192
