AP =

  50×13 table

           matters_BB2c10    matters_BM25b075    matters_DFR_BM25c10      DLH13      matters_IFB2c10    matters_InL2c10    matters_In_expC2c10    matters_LGDc10    matters_PL2c10     TF_IDF       CombMNZ      CombMAX      CombSUM 
           ______________    ________________    ___________________    _________    _______________    _______________    ___________________    ______________    ______________    _________    _________    _________    _________

    351      0.49955           0.41815             0.41973                0.37399      0.50139            0.42692             0.4759                0.45134           0.36367           0.41631      0.42182      0.41482      0.42236
    352     0.036034          0.037344            0.037613               0.043898     0.036143           0.036118           0.032446               0.045934          0.029162          0.037004     0.038638     0.043872     0.038637
    353      0.26087           0.21846             0.21873                0.18994      0.26102            0.22546             0.2533                0.23566           0.16542           0.21626       0.2235      0.16493      0.22377
    354      0.05637           0.07502               0.076               0.060066     0.062071           0.066974           0.069114                0.03349          0.079222          0.072898      0.07851     0.087155     0.078496
    355     0.094935          0.076531            0.077912               0.093518     0.092773           0.087717           0.074467                0.11535          0.060188          0.076794     0.086124      0.10336     0.086233
    356    0.0099982          0.010407            0.010525               0.011402    0.0099982           0.010593          0.0098727               0.017894          0.010593          0.010474     0.010594     0.011186     0.010594
    357      0.28846           0.26565              0.2644                0.24779      0.28646            0.26808            0.27346                0.26538           0.20179           0.26882      0.27991      0.27035      0.27991
    358      0.24657           0.23942             0.23575                0.22397      0.24597            0.24115            0.22661                0.21821           0.19657           0.23977      0.23751      0.21482      0.23776
    359     0.023026          0.015498            0.015828               0.032776     0.018653           0.014801           0.027319               0.022084          0.051924          0.016229     0.023726     0.027008     0.023729
    360      0.23448           0.22377             0.22308                0.24891      0.24974            0.19773            0.30945                0.20762           0.33924           0.21845      0.25094      0.21062      0.25034
    361      0.28414           0.30649             0.30649                 0.3337      0.28414            0.30728            0.28311                0.31159           0.30116           0.30649      0.30811      0.31269      0.30811
    362     0.078513          0.073886            0.076434               0.068119     0.078347           0.075997            0.07701               0.061214           0.05334          0.072905     0.075491     0.052934     0.075488
    363     0.049569          0.043747            0.047665                0.03796      0.04884           0.044977            0.04328               0.030576          0.038636          0.043191     0.047316     0.039032     0.047187
    364      0.47671           0.47581             0.47671                0.49484      0.47671            0.47671            0.47671                0.47671           0.47671           0.47581       0.4773      0.47671       0.4773
    365       0.7278           0.68379             0.68441                0.78913      0.72192            0.72224            0.63729                0.83648           0.59127           0.68337      0.71421       0.8131      0.71626
    366      0.47729           0.39363             0.39756                0.32813      0.47616             0.4162            0.46016                0.51736           0.26844           0.36761      0.41607      0.43517      0.42312
    367     0.077531          0.077443            0.077531               0.075374     0.077531           0.077531           0.077531               0.077531          0.077531          0.077443     0.077495     0.077531     0.077495
    368      0.42689           0.42642              0.4336                0.49554      0.42692            0.44564             0.3856                0.51847           0.39095           0.42675       0.4521      0.50677      0.45211
    369      0.27032           0.27032             0.27032                0.28134      0.27032            0.27417            0.26936                0.27866           0.27062           0.27032      0.27108      0.27753      0.27108
    370     0.082338          0.096798            0.099056               0.086724     0.087237           0.095453           0.081535               0.096422           0.10625           0.09225      0.10307      0.10216      0.10324
    371    0.0021731          0.002057           0.0020661              0.0016985    0.0021653          0.0020259          0.0021976              0.0020638         0.0022189         0.0020731    0.0021616    0.0020314     0.002145
    372      0.17141           0.13699             0.13883               0.058872      0.16915            0.14467            0.16167               0.082663          0.043553            0.1297      0.14269     0.074701      0.14225
    373       0.3621           0.37827             0.37744                0.34843      0.36457            0.36789            0.38737                0.31955            0.3684           0.37646      0.37174      0.34471      0.37174
    374       0.2368           0.22921             0.22898                0.25501       0.2382            0.22749            0.23662                0.25294           0.22569           0.22826        0.258      0.25078      0.25798
    375      0.16948           0.17928             0.18205                0.21631      0.16735            0.18701            0.15848                   0.23           0.17559           0.18136      0.18867      0.22586      0.18991
    376     0.010657          0.013699             0.01348              0.0095002     0.010657           0.013689           0.011221               0.015563          0.010685          0.016471     0.013265     0.011219     0.013267
    377      0.26533           0.31134             0.30191                0.29316      0.26631            0.29863            0.25481                0.27924           0.27369           0.31058      0.29129      0.26296       0.2914
    378     0.005066          0.004661           0.0047662              0.0060906    0.0048604          0.0054414          0.0035108              0.0077725         0.0024519         0.0048035    0.0057959     0.004285    0.0057962
    379      0.06992          0.070363             0.06992               0.071174      0.06992            0.06992            0.06992                0.06992           0.06992          0.070363     0.070444     0.070275     0.070444
    380      0.16014           0.19095              0.1899                0.15325      0.16541            0.18662            0.16554                0.11026           0.21504           0.19026      0.17362      0.10718      0.17408
    381     0.030662          0.030313             0.03059               0.031718     0.030318           0.030939           0.030681               0.028435          0.029065          0.030137     0.030919     0.029569     0.030918
    382      0.54458           0.51993             0.52439                0.44042      0.54566            0.53492            0.50089                0.41411           0.40863           0.51942      0.52289      0.40661      0.52289
