Rprec =

  50×3 table

           CombMNZ     CombMAX     CombSUM 
           ________    ________    ________

    351     0.41667     0.41667     0.41667
    352    0.089431    0.081301    0.089431
    353     0.46721     0.31148     0.46721
    354     0.19945     0.19668     0.19945
    355     0.15556         0.2     0.15556
    356           0           0           0
    357     0.33333     0.33704     0.33333
    358     0.29412     0.23529     0.29412
    359    0.035714    0.035714    0.035714
    360     0.37086      0.2649     0.37086
    361     0.44444     0.33333     0.44444
    362     0.23077     0.10256     0.23077
    363       0.125      0.0625       0.125
    364     0.45714     0.45714     0.45714
    365     0.68571     0.68571     0.68571
    366     0.45455     0.48485     0.45455
    367     0.15873     0.16402     0.15873
    368     0.44262     0.52459     0.44262
    369     0.23077     0.23077     0.23077
    370     0.24405      0.2381     0.24405
    371           0           0           0
    372     0.20408    0.081633     0.20408
    373     0.48485     0.42424     0.48485
    374     0.36765     0.30392     0.36765
    375         0.3      0.3375         0.3
    376    0.039216    0.039216    0.039216
    377     0.30769     0.30769     0.30769
    378    0.030612           0    0.030612
    379      0.0625      0.0625      0.0625
    380     0.14286     0.14286     0.14286
    381    0.071429    0.071429    0.071429
    382     0.54545     0.54545     0.54545
    383    0.082192    0.082192    0.082192
    384      0.2549     0.21569      0.2549
    385     0.31395     0.30233     0.31395
    386    0.052632    0.052632    0.052632
    387     0.11765     0.14118     0.11765
    388    0.078431    0.039216    0.078431
    389    0.087629    0.092784    0.087629
    390     0.12687      0.1194      0.1194
    391     0.20225     0.20787     0.20225
    392     0.44762      0.4381     0.44762
    393     0.11268    0.098592     0.11268
    394    0.058824           0    0.058824
    395     0.21596     0.21596     0.21596
    396     0.33898     0.33898     0.33898
    397     0.44444     0.40741     0.44444
    398    0.075862    0.062069    0.075862
    399     0.10784     0.23529     0.11765
    400       0.448       0.464       0.448
	rec =

  50×3 table

           CombMNZ    CombMAX    CombSUM
           _______    _______    _______

    351    0.79167    0.79167    0.79167
    352    0.12195    0.12195    0.12195
    353    0.59016    0.59016    0.59016
    354    0.43213    0.43213    0.43213
    355        0.6        0.6        0.6
    356    0.17647    0.17647    0.17647
    357    0.64074    0.64074    0.64074
    358    0.98039    0.98039    0.98039
    359    0.42857    0.42857    0.42857
    360    0.80795    0.80795    0.80795
    361    0.77778    0.77778    0.77778
    362    0.64103    0.64103    0.64103
    363     0.9375     0.9375     0.9375
    364    0.94286    0.94286    0.94286
    365          1          1          1
    366     0.9697     0.9697     0.9697
    367    0.39153    0.39153    0.39153
    368     0.7377     0.7377     0.7377
    369    0.69231    0.69231    0.69231
    370    0.51786    0.51786    0.51786
    371    0.29412    0.29412    0.29412
    372    0.73469    0.73469    0.73469
    373    0.78788    0.78788    0.78788
    374    0.89216    0.89216    0.89216
    375     0.6375     0.6375     0.6375
    376    0.19608    0.19608    0.19608
    377    0.97436    0.97436    0.97436
    378    0.23469    0.23469    0.23469
    379      0.375      0.375      0.375
    380    0.85714    0.85714    0.85714
    381    0.32143    0.32143    0.32143
    382    0.95455    0.95455    0.95455
    383    0.25342    0.25342    0.25342
    384          1          1          1
    385    0.72093    0.72093    0.72093
    386    0.68421    0.68421    0.68421
    387    0.84706    0.84706    0.84706
    388    0.41176    0.41176    0.41176
    389    0.16495    0.16495    0.16495
    390    0.29851    0.29851    0.29851
    391    0.52809    0.52809    0.52809
    392    0.99048    0.99048    0.99048
    393    0.21127    0.21127    0.21127
    394    0.23529    0.23529    0.23529
    395    0.58685    0.58685    0.58685
    396    0.40678    0.40678    0.40678
    397    0.92593    0.92593    0.92593
    398    0.26897    0.26897    0.26897
    399    0.40196    0.40196    0.40196
    400      0.856      0.856      0.856
